p	sp	200	2080		
a	1	11	503	178	11
a	1	13	182	597	32
a	1	21	511	113	9
a	1	62	599	148	8
a	1	72	109	540	43
a	1	190	536	133	9
a	1	196	512	140	7
a	2	3	107	596	57
a	2	14	128	599	42
a	2	22	571	142	7
a	2	73	512	197	12
a	2	81	541	157	9
a	2	88	577	183	16
a	2	193	181	524	32
a	2	200	140	573	39
a	3	30	599	126	10
a	3	76	561	183	11
a	3	82	108	570	54
a	3	84	509	188	11
a	3	94	125	549	42
a	3	104	143	558	32
a	3	113	517	134	10
a	3	173	590	195	12
a	3	185	513	110	7
a	3	200	126	597	38
a	4	3	185	500	45
a	4	11	187	562	40
a	4	19	516	187	12
a	4	20	509	194	14
a	4	39	177	579	39
a	4	47	550	116	10
a	4	57	540	126	9
a	4	79	200	567	31
a	4	80	178	560	31
a	4	107	140	522	34
a	4	175	178	506	30
a	4	197	101	564	32
a	5	30	517	191	10
a	5	40	129	541	34
a	5	54	545	110	8
a	5	58	517	132	8
a	5	78	196	508	33
a	5	97	105	529	35
a	5	101	580	199	11
a	5	114	555	189	18
a	5	116	518	120	7
a	5	120	511	145	9
a	5	145	572	146	9
a	5	177	600	183	9
a	6	35	125	586	43
a	6	67	540	136	10
a	6	69	157	569	47
a	6	102	592	144	8
a	6	141	192	569	40
a	6	149	125	566	56
a	6	163	528	184	13
a	7	13	175	534	33
a	7	56	503	170	13
a	7	198	189	551	29
a	8	32	589	192	12
a	8	37	122	507	27
a	8	40	548	115	7
a	8	77	185	550	28
a	8	86	509	138	12
a	8	103	118	582	49
a	8	113	513	106	7
a	8	181	595	160	12
a	9	15	552	118	12
a	9	66	104	548	36
a	9	79	130	582	41
a	9	83	502	159	8
a	9	108	505	138	7
a	9	149	592	180	13
a	9	196	587	142	10
a	10	47	555	171	11
a	10	50	143	545	49
a	10	51	565	195	15
a	10	56	588	111	7
a	10	92	120	509	35
a	10	93	577	140	10
a	10	194	511	139	8
a	11	66	133	521	36
a	11	71	142	528	41
a	11	86	595	131	9
a	11	103	599	123	11
a	11	116	600	100	7
a	11	136	600	117	11
a	11	155	115	536	44
a	11	186	195	560	50
a	12	14	139	557	30
a	12	15	186	521	37
a	12	41	161	565	54
a	12	50	137	530	38
a	12	63	165	538	33
a	12	66	557	121	8
a	12	81	185	570	43
a	12	98	161	532	36
a	12	151	510	184	10
a	12	160	536	177	10
a	13	31	184	517	30
a	13	57	574	162	9
a	13	69	574	157	11
a	13	75	152	556	39
a	13	95	123	517	34
a	13	118	500	110	6
a	13	128	144	569	40
a	13	133	579	112	7
a	13	138	514	145	7
a	13	166	115	529	37
a	13	171	168	528	51
a	13	191	183	586	38
a	14	6	580	165	13
a	14	21	176	591	41
a	14	23	557	114	11
a	14	51	115	504	41
a	14	75	193	579	42
a	14	79	104	500	29
a	14	80	515	154	12
a	14	85	183	599	33
a	14	86	522	175	9
a	14	106	511	160	11
a	14	113	535	170	10
a	14	118	148	544	30
a	15	32	584	161	13
a	15	62	161	524	38
a	15	63	198	573	34
a	15	64	541	169	13
a	15	89	131	577	38
a	15	90	530	131	10
a	15	122	526	152	12
a	15	129	200	528	41
a	15	140	576	104	7
a	15	177	551	123	8
a	15	190	117	523	27
a	15	196	111	600	60
a	16	9	172	544	41
a	16	11	572	173	13
a	16	35	528	165	12
a	16	47	163	555	36
a	16	61	154	558	39
a	16	69	161	510	27
a	16	72	146	568	40
a	16	81	554	190	16
a	16	83	165	586	50
a	16	99	162	583	32
a	16	107	116	542	42
a	16	124	531	167	11
a	16	130	162	551	39
a	16	174	188	516	51
a	16	187	503	110	6
a	17	6	156	598	35
a	17	26	174	508	34
a	17	41	531	117	9
a	17	78	194	520	28
a	17	79	158	568	31
a	17	91	152	519	39
a	17	103	531	149	13
a	17	112	502	146	10
a	17	123	546	114	8
a	17	143	595	105	8
a	17	160	505	140	9
a	17	187	527	187	16
a	17	188	155	552	50
a	18	1	139	571	31
a	18	3	548	151	10
a	18	17	128	514	39
a	18	32	564	139	9
a	18	66	125	517	40
a	18	81	120	548	39
a	18	85	197	593	44
a	18	130	165	533	30
a	18	135	139	575	57
a	18	139	103	510	45
a	18	194	120	533	30
a	19	26	135	507	34
a	19	52	519	154	10
a	19	65	599	193	10
a	19	78	532	106	7
a	19	89	528	155	13
a	19	92	588	197	13
a	20	26	549	143	9
a	20	72	151	516	45
a	20	101	181	514	27
a	20	107	536	103	5
a	20	111	504	106	7
a	20	120	111	598	45
a	20	123	578	141	8
a	20	132	532	116	6
a	20	133	553	175	16
a	20	134	166	583	32
a	20	137	115	588	39
a	20	142	144	533	40
a	20	143	173	568	46
a	20	148	127	504	34
a	21	19	537	161	15
a	21	30	519	125	8
a	21	64	560	135	8
a	21	70	157	557	43
a	21	71	136	521	33
a	21	79	529	159	10
a	21	95	178	552	50
a	21	133	588	160	8
a	21	147	570	128	13
a	21	152	521	140	10
a	21	183	555	124	7
a	21	184	156	525	30
a	21	193	133	541	44
a	21	196	565	106	5
a	22	28	176	589	36
a	22	56	545	102	5
a	22	92	174	525	27
a	22	119	178	552	30
a	22	127	584	161	10
a	22	142	538	121	8
a	22	174	182	529	36
a	22	188	514	110	10
a	22	189	123	525	45
a	23	19	505	117	8
a	23	29	565	142	8
a	23	47	569	195	11
a	23	58	530	163	11
a	23	81	177	578	32
a	23	97	577	140	8
a	23	122	130	543	30
a	23	197	574	169	9
a	24	19	160	562	30
a	24	44	140	598	37
a	24	46	554	112	8
a	24	147	504	199	14
a	24	185	583	170	12
a	24	187	185	540	28
a	24	190	155	600	39
a	24	198	159	579	49
a	24	200	145	524	37
a	25	33	576	116	7
a	25	34	583	148	14
a	25	53	139	513	31
a	25	81	545	176	10
a	25	83	101	545	44
a	25	92	561	198	19
a	25	123	542	109	7
a	25	129	578	195	14
a	25	142	184	564	30
a	25	156	539	102	5
a	25	163	563	168	12
a	25	170	585	145	9
a	25	178	583	165	9
a	26	22	548	102	5
a	26	27	105	508	31
a	26	61	122	537	32
a	26	81	539	179	10
a	26	123	572	116	9
a	26	148	179	502	32
a	26	151	153	554	28
a	26	164	523	113	10
a	27	8	568	129	8
a	27	56	183	534	31
a	27	108	121	571	32
a	27	122	506	143	9
a	27	158	576	117	8
a	27	183	147	525	28
a	27	184	184	593	39
a	27	196	144	528	32
a	28	9	167	543	30
a	28	10	133	513	29
a	28	11	537	154	13
a	28	27	129	538	27
a	28	30	147	570	53
a	28	45	572	136	11
a	28	53	508	107	9
a	28	68	146	537	39
a	28	104	192	541	30
a	28	127	162	557	44
a	28	151	513	138	9
a	28	164	582	116	6
a	28	185	104	562	29
a	28	189	570	110	9
a	28	192	544	102	6
a	29	37	187	534	39
a	29	43	157	551	47
a	29	55	171	553	37
a	29	74	516	149	13
a	29	78	152	554	28
a	29	88	129	529	29
a	29	90	151	552	36
a	29	94	188	526	45
a	29	121	508	121	10
a	29	162	161	514	33
a	30	55	569	125	8
a	30	75	131	508	50
a	30	97	193	590	48
a	30	109	150	583	45
a	30	124	559	131	13
a	30	131	564	181	16
a	30	150	124	517	29
a	30	172	121	580	44
a	30	188	557	109	10
a	31	15	554	170	13
a	31	24	115	526	37
a	31	51	116	565	50
a	31	67	519	127	9
a	31	105	193	508	45
a	31	112	514	177	11
a	31	124	588	171	14
a	31	133	576	197	14
a	31	154	112	576	47
a	31	161	151	547	37
a	31	166	137	507	36
a	31	187	576	154	9
a	31	191	536	169	11
a	32	21	574	153	8
a	32	54	546	183	10
a	32	61	576	135	11
a	32	66	559	151	10
a	32	76	581	112	9
a	32	83	148	522	35
a	32	108	505	184	11
a	32	109	182	554	31
a	32	140	113	590	33
a	32	149	577	194	11
a	32	162	517	120	9
a	32	192	183	530	47
a	32	200	532	105	6
a	33	41	133	503	27
a	33	103	546	180	13
a	33	127	540	127	10
a	33	133	161	558	37
a	33	138	571	142	13
a	34	41	550	164	13
a	34	57	142	563	45
a	34	65	536	140	7
a	34	75	579	147	10
a	34	88	179	535	46
a	34	94	133	583	34
a	34	107	171	521	27
a	34	126	559	156	10
a	34	145	190	560	31
a	34	198	500	104	6
a	35	13	153	518	34
a	35	59	582	157	10
a	35	143	191	571	37
a	35	154	114	522	39
a	35	159	157	599	52
a	35	172	536	150	13
a	35	200	138	589	36
a	36	4	528	170	9
a	36	10	113	592	40
a	36	174	104	562	35
a	36	182	541	130	11
a	37	20	508	168	10
a	37	31	558	134	8
a	37	89	544	168	15
a	37	126	588	199	12
a	37	166	168	513	49
a	37	168	122	578	41
a	37	174	126	560	55
a	38	25	182	578	54
a	38	42	544	176	12
a	38	82	579	175	15
a	38	94	193	573	45
a	38	126	542	162	12
a	38	128	588	196	10
a	38	141	534	152	10
a	38	200	188	581	29
a	39	14	147	600	34
a	39	31	109	598	47
a	39	37	529	150	8
a	39	50	130	533	38
a	39	55	523	194	19
a	39	82	197	530	34
a	39	93	590	112	10
a	39	99	180	537	36
a	39	105	184	535	50
a	39	127	184	577	31
a	39	133	154	559	43
a	39	155	541	102	10
a	39	176	173	505	42
a	39	182	162	504	45
a	40	1	545	124	7
a	40	31	197	569	29
a	40	53	576	112	8
a	40	112	174	544	42
a	40	113	574	172	9
a	40	115	573	114	7
a	40	138	170	560	43
a	40	165	512	189	11
a	41	11	529	187	15
a	41	31	198	531	42
a	41	45	535	140	12
a	41	46	581	187	18
a	41	65	123	595	33
a	41	90	182	504	27
a	41	113	585	143	8
a	41	123	136	525	35
a	41	129	564	172	12
a	41	136	170	518	49
a	41	141	161	519	26
a	41	178	130	569	44
a	41	186	105	529	29
a	41	192	100	582	40
a	42	2	164	566	42
a	42	3	583	163	14
a	42	48	581	101	7
a	42	58	514	185	15
a	42	61	192	517	37
a	42	109	595	164	11
a	42	121	501	138	9
a	42	122	169	512	26
a	42	124	160	588	35
a	42	125	523	178	10
a	42	142	505	148	8
a	42	150	161	571	53
a	42	155	552	108	9
a	42	180	184	505	31
a	42	187	195	586	45
a	42	195	539	111	6
a	43	14	575	111	6
a	43	47	508	107	8
a	43	72	557	194	12
a	43	92	573	168	11
a	43	112	161	598	40
a	43	140	136	530	36
a	43	144	176	600	34
a	44	3	571	163	12
a	44	5	507	192	11
a	44	55	584	135	9
a	44	92	153	546	50
a	44	110	172	564	31
a	44	118	543	157	11
a	44	125	544	147	10
a	44	128	503	101	9
a	44	135	104	561	47
a	44	140	177	536	31
a	44	144	596	114	7
a	44	182	545	147	9
a	44	183	141	515	35
a	44	194	193	507	29
a	45	8	521	143	10
a	45	10	193	544	46
a	45	23	549	194	12
a	45	40	113	509	36
a	45	55	106	579	44
a	45	65	100	525	28
a	45	84	157	564	30
a	45	111	191	596	38
a	45	123	121	543	30
a	45	140	534	135	11
a	45	158	138	575	44
a	45	160	193	554	29
a	45	166	503	172	17
a	45	193	546	137	8
a	46	3	552	124	8
a	46	62	506	100	8
a	46	65	132	505	32
a	46	71	531	164	13
a	46	107	535	192	12
a	46	113	537	141	7
a	46	137	568	105	8
a	46	139	158	591	35
a	46	163	510	162	15
a	46	164	588	131	9
a	46	177	555	165	9
a	46	187	158	571	35
a	47	31	196	564	38
a	47	53	570	115	10
a	47	73	510	169	14
a	47	86	155	556	37
a	47	91	182	573	45
a	47	121	503	146	13
a	47	134	574	178	12
a	47	160	595	197	11
a	47	196	531	168	12
a	48	4	197	503	43
a	48	8	133	528	29
a	48	16	553	149	9
a	48	39	543	100	8
a	48	69	577	101	10
a	48	73	586	164	9
a	48	90	102	539	42
a	48	117	571	114	9
a	48	149	140	584	30
a	48	156	142	596	59
a	48	159	125	555	39
a	49	13	563	109	6
a	49	32	174	512	40
a	49	37	104	516	27
a	49	103	180	513	51
a	49	116	131	592	34
a	49	156	584	113	7
a	49	189	164	526	42
a	49	191	571	129	8
a	49	194	130	551	45
a	50	20	522	186	10
a	50	35	165	581	31
a	50	39	507	182	12
a	50	71	590	116	11
a	50	111	557	172	9
a	50	132	168	503	37
a	50	169	536	131	8
a	50	181	531	184	15
a	50	200	158	585	57
a	51	17	161	513	31
a	51	35	502	176	9
a	51	70	595	140	9
a	51	96	136	554	31
a	51	125	571	159	15
a	51	150	120	501	41
a	51	151	549	154	8
a	51	161	512	137	8
a	51	167	564	180	16
a	51	184	595	177	12
a	51	195	500	159	8
a	52	3	564	144	13
a	52	42	530	172	17
a	52	93	108	553	28
a	52	118	544	122	10
a	52	136	562	175	9
a	52	149	593	138	8
a	52	187	587	157	13
a	52	192	118	591	58
a	53	6	101	585	57
a	53	33	519	187	12
a	53	50	549	114	7
a	53	56	169	510	28
a	53	121	161	534	29
a	53	132	158	584	38
a	53	133	182	549	35
a	53	140	135	536	31
a	53	150	195	558	30
a	53	151	121	503	38
a	53	167	185	571	46
a	54	18	105	542	37
a	54	32	581	124	7
a	54	34	143	590	41
a	54	58	530	174	11
a	54	109	512	145	7
a	54	127	120	599	34
a	54	132	527	161	9
a	54	147	131	573	40
a	54	162	102	586	42
a	54	189	558	160	10
a	54	198	196	563	30
a	55	4	585	149	9
a	55	48	122	536	35
a	55	86	158	588	40
a	55	100	168	580	51
a	55	112	590	151	9
a	55	122	531	113	6
a	56	21	504	195	15
a	56	23	547	110	7
a	56	27	165	531	40
a	56	31	197	597	51
a	56	34	513	180	10
a	56	62	551	159	9
a	56	65	199	507	48
a	56	70	172	590	31
a	56	82	196	570	33
a	56	110	556	100	7
a	56	134	165	515	48
a	56	135	574	172	12
a	56	148	553	114	9
a	56	150	190	590	35
a	56	155	535	110	7
a	57	51	508	141	11
a	57	61	565	138	12
a	57	75	535	193	14
a	57	104	105	565	30
a	57	105	168	539	37
a	57	137	200	504	26
a	57	152	528	126	9
a	58	49	154	523	46
a	58	79	549	117	7
a	58	115	189	514	38
a	58	118	529	115	10
a	58	144	510	166	14
a	58	152	116	585	34
a	58	153	505	111	11
a	59	10	530	125	10
a	59	12	567	126	9
a	59	33	507	150	10
a	59	44	508	197	12
a	59	47	171	519	46
a	59	77	572	178	11
a	59	79	500	124	9
a	59	95	549	135	12
a	59	123	580	190	13
a	59	133	505	144	7
a	59	143	542	120	7
a	59	147	158	541	52
a	59	151	178	513	30
a	59	154	595	152	9
a	59	176	563	157	12
a	59	195	548	124	7
a	60	13	519	138	11
a	60	17	193	573	37
a	60	37	119	523	30
a	60	42	161	568	37
a	60	80	515	124	7
a	60	99	139	573	52
a	60	109	174	554	31
a	60	112	587	162	15
a	60	113	512	108	7
a	60	122	543	109	6
a	60	150	528	182	15
a	60	158	510	141	14
a	60	159	516	179	11
a	60	181	193	581	35
a	61	4	584	174	13
a	61	13	112	504	28
a	61	19	568	192	19
a	61	22	112	508	27
a	61	23	186	543	31
a	61	31	532	145	8
a	61	90	130	536	50
a	61	105	514	154	15
a	61	111	114	576	38
a	61	116	146	504	42
a	61	137	188	548	41
a	61	152	144	557	47
a	61	163	102	541	35
a	61	192	128	589	36
a	62	8	587	174	10
a	62	24	568	164	11
a	62	48	127	511	32
a	62	63	199	539	46
a	62	82	553	112	8
a	62	99	535	200	13
a	62	121	544	104	7
a	62	128	501	147	8
a	62	142	528	174	9
a	62	144	171	514	37
a	62	160	519	152	15
a	62	170	542	192	11
a	62	173	130	559	46
a	63	21	504	185	11
a	63	25	599	178	16
a	63	45	562	195	12
a	63	56	179	571	42
a	63	64	534	192	18
a	63	78	564	137	7
a	63	113	168	562	50
a	63	114	164	501	29
a	63	121	111	574	39
a	63	147	183	502	28
a	63	157	139	539	53
a	63	170	115	544	27
a	63	194	106	523	37
a	63	195	506	173	17
a	64	6	139	538	28
a	64	11	136	528	39
a	64	21	121	533	46
a	64	25	191	579	29
a	64	28	144	567	35
a	64	30	141	519	27
a	64	82	521	128	10
a	64	109	521	164	12
a	64	119	581	168	12
a	64	140	123	565	32
a	64	149	513	146	9
a	64	150	122	543	46
a	65	3	506	166	16
a	65	20	552	198	15
a	65	59	152	510	46
a	65	109	200	597	50
a	65	123	149	529	32
a	65	136	539	117	10
a	65	173	535	193	13
a	65	176	180	556	29
a	65	184	511	183	10
a	65	192	567	131	10
a	66	17	504	118	7
a	66	18	146	570	31
a	66	30	539	148	10
a	66	60	174	570	31
a	66	62	113	569	38
a	66	94	527	186	17
a	66	110	172	581	31
a	66	147	511	181	11
a	66	181	566	122	10
a	67	20	513	143	13
a	67	41	165	586	56
a	67	64	172	582	47
a	68	21	103	579	30
a	68	72	185	526	29
a	68	73	515	197	13
a	68	78	505	187	10
a	68	97	164	531	28
a	68	174	159	574	51
a	69	40	515	188	14
a	69	78	579	106	9
a	69	90	177	549	39
a	69	117	526	188	11
a	69	133	515	192	13
a	69	161	149	515	32
a	69	165	179	587	33
a	69	174	528	143	8
a	69	182	144	582	52
a	69	188	196	571	43
a	70	2	553	188	12
a	70	51	523	171	9
a	70	64	520	156	15
a	70	89	525	118	8
a	70	91	177	577	32
a	70	114	520	121	7
a	70	129	548	137	8
a	70	133	532	122	8
a	70	138	129	574	29
a	70	149	516	200	13
a	70	158	158	566	30
a	70	172	164	573	46
a	70	185	109	567	35
a	70	200	112	540	32
a	71	6	193	565	29
a	71	15	570	180	12
a	71	19	580	133	11
a	71	43	509	198	15
a	71	73	137	508	30
a	71	87	595	123	7
a	71	88	512	188	12
a	71	103	126	515	32
a	71	115	127	522	40
a	71	118	142	520	29
a	71	129	579	192	14
a	72	3	529	138	8
a	72	11	575	158	8
a	72	60	192	516	27
a	72	75	118	599	51
a	72	92	555	173	9
a	72	132	109	508	49
a	73	82	566	151	10
a	73	103	124	504	33
a	73	115	524	139	9
a	73	122	507	102	9
a	73	167	136	554	37
a	73	169	576	174	16
a	73	181	544	156	12
a	73	183	559	107	9
a	73	190	159	510	42
a	74	20	187	583	34
a	74	57	515	186	15
a	74	82	146	596	57
a	74	86	526	116	11
a	75	28	133	583	44
a	75	41	151	600	38
a	75	84	119	554	42
a	75	103	513	174	12
a	75	141	578	105	8
a	75	145	169	568	56
a	75	149	509	144	9
a	75	151	166	558	34
a	75	152	565	118	7
a	75	168	525	193	19
a	75	174	556	192	13
a	75	188	580	175	14
a	76	5	137	571	31
a	76	28	563	145	7
a	76	40	106	533	36
a	76	54	126	567	38
a	76	56	175	532	31
a	76	75	178	555	31
a	76	81	581	126	7
a	76	86	500	193	17
a	76	90	549	144	10
a	76	114	145	566	37
a	76	129	115	555	28
a	76	147	178	538	38
a	76	156	140	541	27
a	76	161	169	517	30
a	76	175	521	148	12
a	76	182	519	117	7
a	76	190	190	595	50
a	77	45	196	595	38
a	77	61	124	599	36
a	77	67	193	553	33
a	77	123	140	551	39
a	77	150	126	529	47
a	77	157	519	127	8
a	77	192	534	179	11
a	78	35	577	154	11
a	78	47	527	186	12
a	78	50	583	190	10
a	78	51	153	551	29
a	78	96	162	580	31
a	78	102	571	120	8
a	78	110	185	504	36
a	78	122	542	196	15
a	78	124	132	571	40
a	78	130	504	133	7
a	78	134	186	556	54
a	78	194	523	109	7
a	79	8	563	195	17
a	79	36	179	516	32
a	79	52	502	141	9
a	79	62	104	598	45
a	79	64	181	576	36
a	79	82	196	534	48
a	79	98	555	194	18
a	79	117	102	580	51
a	79	124	113	583	47
a	79	136	115	520	29
a	79	181	521	175	9
a	79	194	543	154	14
a	80	7	112	521	40
a	80	8	512	171	14
a	80	20	177	580	32
a	80	24	588	108	6
a	80	28	539	194	10
a	80	29	133	506	33
a	80	39	143	565	52
a	80	81	574	199	10
a	80	105	505	139	7
a	80	192	587	195	13
a	80	200	501	143	8
a	81	6	107	591	36
a	81	40	135	516	45
a	81	72	188	530	40
a	81	101	559	141	10
a	81	108	122	515	35
a	81	160	100	512	41
a	82	6	551	131	10
a	82	59	166	568	41
a	82	71	551	105	5
a	82	83	524	135	7
a	82	91	509	181	10
a	82	102	171	524	44
a	82	118	200	527	28
a	82	143	126	586	44
a	82	180	197	585	34
a	82	184	517	175	11
a	83	26	166	597	31
a	83	77	142	575	43
a	83	119	111	577	48
a	83	123	516	102	6
a	83	129	110	585	52
a	83	163	518	169	10
a	83	188	129	567	31
a	84	2	537	134	7
a	84	33	114	593	31
a	84	90	198	529	31
a	84	99	158	501	28
a	84	117	142	518	31
a	84	127	510	101	6
a	84	131	519	131	8
a	84	156	576	138	11
a	84	164	596	192	11
a	84	183	563	126	10
a	85	19	135	514	35
a	85	21	574	196	12
a	85	60	555	129	7
a	85	72	502	177	16
a	85	73	563	190	10
a	85	93	115	516	31
a	85	108	125	502	42
a	85	120	135	518	51
a	85	137	120	561	28
a	85	139	554	183	10
a	85	164	148	551	34
a	85	180	172	516	42
a	85	194	547	189	12
a	86	20	144	503	28
a	86	28	575	150	9
a	86	41	592	136	8
a	86	65	184	572	35
a	86	112	163	516	30
a	86	119	519	109	6
a	86	158	180	557	39
a	86	162	159	599	41
a	86	180	517	137	12
a	87	5	178	586	33
a	87	6	501	158	13
a	87	13	146	562	28
a	87	14	162	556	29
a	87	22	129	521	28
a	87	31	595	100	8
a	87	35	500	177	17
a	87	43	582	165	11
a	87	48	508	119	11
a	87	108	582	184	17
a	87	170	100	546	40
a	87	190	157	537	37
a	87	195	500	166	16
a	88	55	532	182	14
a	88	72	587	116	6
a	88	78	575	146	14
a	88	101	175	590	54
a	88	114	105	557	32
a	88	128	113	554	40
a	88	132	526	110	6
a	88	192	147	500	36
a	89	2	536	129	7
a	89	12	108	560	40
a	89	19	541	108	9
a	89	61	189	559	35
a	89	67	594	114	8
a	89	70	510	161	11
a	89	85	533	122	9
a	89	98	546	199	10
a	89	112	547	181	14
a	89	141	133	521	49
a	89	148	509	141	7
a	89	154	129	511	31
a	89	170	101	542	33
a	89	174	558	117	11
a	89	175	191	506	28
a	89	176	583	174	10
a	89	196	121	553	29
a	90	1	510	182	16
a	90	23	120	584	48
a	90	113	568	159	12
a	90	178	588	106	7
a	90	193	500	131	8
a	90	194	136	548	35
a	90	195	553	128	8
a	91	9	180	517	41
a	91	31	183	527	29
a	91	54	121	537	28
a	91	66	152	554	31
a	91	113	519	198	20
a	91	148	529	182	13
a	91	191	193	554	54
a	91	197	573	110	6
a	92	41	120	551	34
a	92	46	537	197	17
a	92	47	109	549	36
a	92	91	551	121	6
a	92	100	118	549	46
a	92	120	142	518	42
a	92	152	500	139	7
a	92	182	515	143	8
a	92	185	103	516	26
a	92	196	567	140	10
a	93	8	165	568	48
a	93	37	598	200	10
a	93	43	504	153	12
a	93	47	511	156	14
a	93	76	595	174	11
a	93	102	115	508	35
a	93	137	588	182	12
a	93	184	516	126	12
a	94	34	562	136	8
a	94	54	562	187	13
a	94	87	577	161	8
a	94	93	595	183	16
a	94	150	551	137	11
a	94	163	152	543	28
a	94	174	180	531	40
a	94	180	166	597	38
a	94	198	159	573	42
a	95	52	162	520	34
a	95	65	186	565	44
a	95	80	100	515	49
a	95	86	545	196	11
a	95	111	160	520	27
a	95	121	597	134	8
a	95	126	522	194	17
a	95	157	138	515	40
a	95	183	581	161	8
a	96	6	548	104	10
a	96	55	575	182	10
a	96	74	511	194	12
a	96	128	114	553	28
a	96	132	509	162	16
a	96	177	531	161	8
a	96	178	164	544	34
a	96	183	596	108	9
a	97	25	573	135	10
a	97	58	588	100	5
a	97	66	563	133	8
a	97	122	595	156	9
a	97	129	538	137	11
a	97	137	106	502	35
a	97	167	129	527	48
a	97	181	518	132	9
a	97	200	159	532	31
a	98	3	592	183	10
a	98	12	153	584	32
a	98	17	506	198	11
a	98	49	538	148	11
a	98	144	577	153	9
a	98	198	175	563	34
a	99	17	549	122	6
a	99	33	578	136	13
a	99	34	589	197	17
a	99	45	574	135	7
a	99	54	570	164	14
a	99	70	194	589	46
a	99	73	190	550	52
a	99	81	119	585	40
a	99	92	133	524	34
a	99	116	112	548	28
a	99	135	521	176	14
a	99	140	552	150	9
a	99	142	198	514	27
a	99	183	530	123	10
a	100	4	143	597	32
a	100	26	557	176	11
a	100	56	148	571	29
a	100	74	596	161	11
a	100	95	556	105	6
a	100	120	555	160	14
a	100	128	597	138	12
a	101	3	189	500	43
a	101	25	541	186	13
a	101	34	576	183	14
a	101	40	196	508	48
a	101	69	100	520	31
a	101	89	185	598	48
a	101	103	566	148	12
a	101	117	584	116	11
a	101	127	524	185	14
a	101	130	161	512	27
a	101	136	158	590	41
a	101	142	540	159	11
a	101	155	518	160	11
a	101	174	113	517	35
a	101	185	513	197	11
a	102	18	191	570	43
a	102	20	193	537	43
a	102	53	577	177	15
a	102	56	125	536	29
a	102	71	599	105	6
a	102	110	195	556	41
a	102	127	167	537	37
a	102	132	594	148	10
a	102	135	533	121	12
a	102	181	157	572	31
a	102	187	576	183	10
a	103	6	149	540	34
a	103	9	573	149	13
a	103	38	184	544	36
a	103	79	125	578	51
a	103	83	534	191	11
a	103	86	194	520	33
a	103	101	520	156	10
a	103	102	556	116	9
a	103	139	167	521	31
a	103	143	180	549	37
a	103	144	526	166	12
a	103	180	528	169	9
a	104	12	585	119	10
a	104	83	551	180	13
a	104	124	120	578	44
a	104	148	196	503	30
a	104	152	150	525	43
a	104	192	132	525	30
a	104	194	500	176	9
a	104	198	561	172	10
a	105	57	581	185	11
a	105	69	597	161	8
a	105	70	510	194	12
a	105	80	154	523	29
a	105	119	110	580	42
a	105	137	563	196	13
a	105	156	577	172	10
a	105	159	551	170	13
a	105	164	163	505	40
a	105	178	557	132	10
a	105	184	159	501	31
a	105	187	553	195	12
a	105	189	512	162	9
a	106	4	190	555	40
a	106	19	107	561	33
a	106	54	111	568	42
a	106	61	514	174	11
a	106	67	149	512	40
a	106	104	551	124	8
a	106	124	175	519	28
a	106	146	173	527	27
a	106	147	104	520	29
a	106	176	599	173	11
a	106	197	146	535	42
a	106	200	578	112	7
a	107	4	510	138	11
a	107	9	134	510	40
a	107	27	535	198	12
a	107	30	546	158	12
a	107	62	181	527	39
a	107	75	581	171	13
a	107	81	119	550	36
a	107	119	163	504	37
a	107	126	529	182	14
a	107	160	529	165	9
a	107	191	553	193	11
a	108	4	584	195	11
a	108	22	514	132	11
a	108	37	115	546	34
a	108	41	597	146	10
a	108	82	112	527	47
a	108	83	139	599	46
a	108	84	177	586	40
a	108	106	552	157	9
a	108	107	576	101	5
a	108	126	500	197	14
a	108	131	171	523	29
a	108	139	506	129	10
a	108	157	140	505	26
a	108	164	525	193	10
a	108	166	600	155	10
a	108	184	557	122	11
a	109	17	586	170	15
a	109	27	115	574	32
a	109	32	594	197	11
a	109	40	549	130	12
a	109	47	551	156	9
a	109	101	137	560	46
a	109	121	579	139	7
a	109	163	569	155	15
a	109	192	104	561	34
a	109	194	113	580	47
a	109	199	141	593	42
a	110	37	135	513	34
a	110	43	162	549	40
a	110	63	538	151	8
a	110	77	599	200	14
a	110	95	569	143	10
a	110	139	125	512	39
a	110	168	107	587	48
a	110	198	578	157	16
a	111	5	131	577	47
a	111	39	100	590	42
a	111	41	517	193	12
a	111	53	104	557	30
a	111	56	168	505	29
a	111	84	511	186	10
a	111	127	513	168	12
a	111	128	514	174	10
a	111	148	595	115	6
a	111	160	583	177	11
a	112	2	108	585	46
a	112	26	129	592	36
a	112	30	537	179	14
a	112	40	566	153	8
a	112	45	134	573	35
a	112	61	525	191	18
a	112	71	587	165	16
a	112	81	588	116	11
a	112	90	196	529	51
a	112	102	575	184	9
a	112	117	129	519	27
a	112	137	534	108	8
a	112	184	584	104	6
a	112	194	552	135	8
a	112	196	538	103	9
a	112	200	527	199	15
a	113	12	141	509	32
a	113	23	115	532	27
a	113	87	580	146	9
a	113	99	547	117	6
a	113	116	195	547	53
a	113	161	108	583	38
a	113	179	509	192	11
a	114	32	576	139	7
a	114	36	107	571	37
a	114	39	148	548	52
a	114	68	193	512	41
a	114	75	186	509	50
a	114	79	552	163	9
a	114	97	531	183	13
a	114	104	500	126	10
a	114	112	160	518	45
a	114	136	139	591	31
a	114	162	114	584	47
a	115	8	169	540	35
a	115	26	517	159	12
a	115	73	106	522	28
a	115	112	185	520	45
a	115	116	181	534	29
a	115	130	158	539	32
a	115	140	509	106	6
a	115	156	565	141	13
a	115	166	553	117	8
a	115	169	174	581	36
a	115	178	510	193	10
a	115	196	583	123	9
a	116	21	171	532	45
a	116	40	174	556	32
a	116	69	531	122	7
a	116	71	160	574	45
a	116	98	192	533	31
a	116	102	512	119	7
a	116	103	115	501	40
a	116	124	531	178	17
a	116	154	550	180	10
a	116	171	564	114	6
a	117	11	528	141	14
a	117	35	510	113	8
a	117	106	167	579	57
a	117	166	555	132	11
a	117	172	104	553	28
a	117	185	552	159	9
a	117	197	116	537	36
a	118	14	591	134	11
a	118	27	186	578	52
a	118	44	570	108	6
a	118	68	155	511	33
a	118	99	132	569	30
a	118	123	569	188	12
a	118	135	182	522	30
a	118	140	138	595	43
a	118	151	571	154	13
a	118	178	183	504	40
a	118	186	143	523	50
a	118	190	572	109	7
a	118	199	550	132	8
a	119	1	192	590	49
a	119	18	194	576	33
a	119	52	567	151	10
a	119	90	543	184	12
a	119	93	566	196	13
a	119	114	136	570	38
a	119	131	131	521	28
a	119	134	541	151	9
a	119	162	543	125	7
a	119	167	126	521	30
a	119	181	583	123	10
a	120	5	563	128	9
a	120	13	508	134	9
a	120	24	172	549	46
a	120	47	555	191	15
a	120	70	521	127	12
a	120	99	568	144	8
a	120	108	599	179	9
a	120	117	595	178	11
a	120	141	513	186	18
a	120	148	179	572	47
a	120	172	123	550	30
a	120	186	148	511	28
a	120	188	143	511	45
a	121	11	531	196	12
a	121	16	551	200	19
a	121	75	583	193	11
a	121	87	101	587	39
a	121	128	143	525	47
a	121	142	567	186	14
a	121	149	507	126	10
a	121	165	525	175	14
a	121	169	123	515	41
a	121	185	182	569	52
a	122	5	177	509	44
a	122	27	150	525	39
a	122	41	138	562	36
a	122	69	511	118	7
a	122	71	505	149	9
a	122	98	163	598	34
a	122	102	183	531	39
a	122	112	107	507	33
a	122	119	195	509	44
a	122	123	179	514	30
a	122	176	146	536	47
a	122	191	124	597	37
a	122	197	147	585	34
a	123	15	172	500	32
a	123	55	503	194	15
a	123	103	153	501	29
a	123	117	126	539	37
a	123	143	165	528	42
a	123	160	157	558	41
a	123	191	530	118	10
a	124	56	155	579	54
a	124	69	539	108	7
a	124	77	131	559	44
a	124	102	197	525	49
a	124	110	104	503	30
a	124	152	560	165	11
a	124	158	148	529	30
a	124	159	533	186	12
a	124	165	101	517	26
a	124	174	193	535	28
a	125	12	191	562	40
a	125	36	181	534	45
a	125	105	588	116	7
a	125	129	552	136	7
a	125	154	533	145	8
a	126	5	517	108	9
a	126	65	519	156	9
a	126	77	106	502	29
a	126	85	116	526	31
a	126	91	120	569	36
a	126	92	138	594	30
a	126	100	596	171	9
a	126	153	154	561	41
a	126	168	110	593	42
a	126	190	524	194	10
a	126	195	127	564	28
a	126	199	539	127	10
a	127	16	183	550	48
a	127	22	185	559	31
a	127	56	546	130	11
a	127	117	509	138	12
a	127	150	531	146	7
a	127	156	177	539	36
a	128	29	139	559	35
a	128	54	517	187	10
a	128	57	164	525	27
a	128	60	547	139	10
a	128	76	507	118	9
a	128	142	113	581	38
a	128	173	525	161	12
a	128	192	179	518	29
a	129	8	185	533	38
a	129	50	166	597	34
a	129	69	513	148	14
a	129	88	581	145	9
a	129	89	511	183	11
a	129	130	592	103	6
a	129	132	172	563	35
a	129	152	120	587	30
a	129	159	541	110	10
a	129	181	513	161	13
a	129	197	536	152	15
a	130	46	197	552	30
a	130	107	133	506	34
a	130	113	144	555	40
a	130	115	197	535	50
a	130	120	190	527	33
a	130	129	569	135	8
a	130	156	523	197	11
a	130	157	162	525	42
a	130	167	535	131	7
a	130	173	552	108	7
a	131	25	510	172	16
a	131	35	187	550	32
a	131	42	107	579	39
a	131	46	121	503	38
a	131	54	150	579	29
a	131	60	580	152	12
a	131	96	550	155	13
a	131	97	536	152	9
a	131	118	523	145	9
a	131	129	594	119	6
a	131	151	592	172	9
a	131	188	518	127	10
a	132	23	576	189	14
a	132	53	168	526	45
a	132	54	585	130	9
a	132	77	175	533	44
a	132	78	539	111	10
a	132	81	571	160	15
a	132	88	510	141	8
a	132	110	556	146	9
a	132	115	573	149	9
a	132	186	143	537	38
a	133	38	551	186	14
a	133	54	177	517	38
a	133	77	561	109	6
a	133	83	171	541	37
a	133	90	537	189	12
a	133	95	182	571	29
a	133	106	548	146	13
a	133	117	578	157	13
a	133	127	141	558	33
a	133	130	583	114	8
a	133	142	505	182	13
a	133	155	181	511	30
a	133	161	171	593	34
a	133	172	109	577	31
a	133	197	172	501	31
a	134	6	182	566	31
a	134	16	171	528	32
a	134	73	529	104	7
a	134	78	172	518	40
a	134	86	510	151	9
a	134	90	105	600	41
a	134	130	150	535	30
a	134	135	520	164	9
a	134	136	543	171	16
a	134	148	524	140	10
a	135	20	179	518	29
a	135	24	176	518	30
a	135	59	107	581	46
a	135	64	527	192	10
a	135	66	140	516	47
a	135	85	131	543	37
a	135	179	140	593	55
a	136	68	591	119	7
a	136	81	179	547	52
a	136	119	579	190	11
a	136	138	193	592	57
a	136	179	544	139	13
a	137	6	134	542	31
a	137	13	196	535	31
a	137	24	544	123	6
a	137	56	140	595	38
a	137	72	123	563	55
a	137	92	587	161	13
a	137	111	114	561	44
a	137	112	138	560	30
a	137	131	555	187	13
a	137	141	587	113	6
a	137	143	501	147	14
a	137	158	595	153	15
a	137	162	553	198	13
a	137	175	186	578	40
a	138	21	184	566	43
a	138	28	573	148	9
a	138	77	548	101	8
a	138	86	508	116	6
a	138	88	571	182	16
a	138	94	600	196	13
a	138	96	587	134	13
a	138	107	546	122	7
a	138	112	527	107	9
a	138	191	119	586	30
a	139	11	200	596	37
a	139	14	199	542	31
a	139	28	141	547	34
a	139	40	511	168	12
a	139	65	191	577	50
a	139	100	174	565	47
a	139	103	559	159	11
a	139	198	149	508	39
a	140	31	197	528	43
a	140	39	508	130	12
a	140	52	501	100	10
a	140	65	124	600	42
a	140	76	162	507	27
a	140	80	535	158	12
a	140	83	121	541	32
a	140	100	148	515	46
a	140	123	110	551	34
a	140	135	581	158	13
a	140	159	164	542	52
a	140	186	589	109	8
a	141	21	514	120	6
a	141	26	596	151	8
a	141	52	191	513	35
a	141	63	584	187	16
a	141	90	587	157	9
a	141	101	548	132	11
a	141	116	186	564	52
a	141	148	596	173	17
a	141	163	505	111	6
a	141	167	153	505	45
a	141	183	565	100	7
a	141	189	513	160	15
a	141	191	110	543	54
a	141	195	124	586	29
a	141	196	122	502	27
a	142	5	101	579	42
a	142	54	567	184	16
a	142	66	112	534	44
a	142	68	151	535	42
a	142	100	184	525	46
a	142	136	513	170	17
a	142	150	154	508	29
a	143	5	146	546	34
a	143	18	568	151	11
a	143	22	558	170	11
a	143	34	583	153	8
a	143	103	534	175	10
a	143	132	507	126	6
a	143	138	144	509	27
a	143	141	173	554	31
a	143	149	591	153	14
a	143	174	532	164	8
a	144	32	193	505	32
a	144	62	199	532	41
a	144	72	561	153	14
a	144	85	172	557	49
a	144	103	530	179	11
a	144	140	117	524	28
a	144	153	560	138	9
a	144	161	522	198	10
a	144	178	550	185	15
a	144	185	502	200	10
a	145	26	553	156	12
a	145	36	172	564	38
a	145	111	567	193	11
a	145	122	594	113	8
a	145	129	550	149	12
a	145	166	177	528	29
a	145	169	100	532	35
a	145	178	556	188	17
a	145	180	519	191	11
a	145	191	514	143	11
a	145	200	583	100	6
a	146	3	578	121	7
a	146	8	514	110	6
a	146	12	144	583	39
a	146	14	111	557	34
a	146	41	150	507	49
a	146	56	140	589	45
a	146	66	195	538	37
a	146	97	177	566	40
a	146	99	570	152	9
a	146	106	146	586	38
a	146	175	531	102	9
a	147	7	141	528	45
a	147	20	177	550	49
a	147	46	133	558	39
a	147	57	588	128	9
a	147	62	593	126	9
a	147	72	136	527	29
a	147	98	567	187	11
a	147	120	181	575	42
a	147	151	125	576	38
a	147	167	140	559	38
a	147	186	197	585	31
a	148	6	544	189	18
a	148	7	527	143	8
a	148	29	538	113	6
a	148	30	528	184	11
a	148	49	509	128	10
a	148	50	109	560	44
a	148	64	156	577	55
a	148	98	140	506	32
a	148	103	167	554	45
a	148	105	531	108	5
a	148	112	151	597	33
a	148	114	557	140	9
a	148	120	199	531	29
a	148	129	165	531	37
a	148	162	166	528	41
a	148	167	568	147	14
a	148	180	583	130	11
a	149	17	557	191	12
a	149	50	155	504	37
a	149	64	504	164	10
a	149	77	121	561	44
a	149	78	572	102	9
a	149	112	122	520	31
a	149	129	584	178	14
a	149	140	156	574	39
a	149	146	156	520	50
a	149	147	526	144	9
a	149	186	133	508	46
a	150	32	521	161	12
a	150	69	597	125	8
a	150	102	599	105	8
a	150	133	182	593	37
a	150	138	502	146	8
a	150	153	182	511	34
a	150	178	524	108	9
a	150	185	154	584	32
a	150	193	573	142	8
a	151	20	509	157	15
a	151	23	103	506	34
a	151	24	129	546	28
a	151	36	582	125	10
a	151	37	563	116	10
a	151	43	589	115	8
a	151	45	155	500	28
a	151	68	533	165	12
a	151	83	150	543	34
a	151	117	181	550	32
a	151	124	547	164	8
a	151	127	123	504	33
a	151	147	123	521	26
a	151	185	177	540	50
a	151	192	550	118	8
a	152	1	118	507	26
a	152	43	599	103	6
a	152	46	194	599	34
a	152	86	527	117	9
a	152	105	544	137	9
a	152	110	596	170	13
a	152	118	188	505	42
a	152	131	545	138	8
a	152	148	562	159	12
a	152	150	532	189	10
a	153	20	524	184	13
a	153	24	130	527	38
a	153	32	181	533	47
a	153	48	130	560	41
a	153	99	130	519	27
a	153	101	532	136	10
a	153	109	517	184	10
a	153	127	190	513	43
a	153	140	173	570	32
a	153	149	145	553	32
a	153	150	593	184	14
a	153	191	565	127	9
a	153	197	181	565	51
a	154	49	151	512	39
a	154	77	145	545	41
a	154	79	555	140	9
a	154	80	549	116	7
a	154	108	104	586	32
a	154	109	163	566	29
a	154	115	155	589	55
a	154	120	146	501	31
a	154	164	167	587	51
a	155	11	128	554	42
a	155	24	551	117	11
a	155	46	549	168	13
a	155	83	104	542	31
a	155	115	593	192	14
a	155	125	514	149	10
a	155	129	594	165	13
a	155	159	511	103	7
a	155	161	109	579	55
a	155	167	151	535	29
a	155	181	536	160	12
a	155	198	100	544	35
a	156	40	147	528	31
a	156	57	133	526	47
a	156	91	118	530	27
a	156	115	165	508	29
a	156	140	556	158	8
a	157	28	506	113	7
a	157	30	166	504	32
a	157	40	580	184	10
a	157	64	187	505	29
a	157	73	190	576	42
a	157	113	200	586	44
a	157	147	132	512	48
a	157	180	543	149	10
a	157	186	103	557	34
a	157	200	522	130	10
a	158	13	153	597	34
a	158	25	136	526	47
a	158	27	120	543	39
a	158	40	542	163	11
a	158	42	519	149	8
a	158	70	128	556	47
a	158	72	503	175	11
a	158	73	545	163	8
a	158	74	103	515	41
a	158	80	118	519	33
a	158	86	190	502	44
a	158	92	555	101	8
a	158	100	589	163	15
a	158	101	563	175	12
a	158	136	531	178	14
a	158	137	591	135	7
a	158	145	514	131	9
a	158	189	558	165	9
a	159	16	539	108	10
a	159	20	196	517	39
a	159	25	519	104	7
a	159	36	166	588	53
a	159	49	587	102	6
a	159	55	551	173	15
a	159	57	119	526	49
a	159	67	109	522	31
a	159	161	164	523	30
a	159	181	138	556	31
a	159	193	528	100	8
a	160	62	191	505	36
a	160	138	179	588	44
a	160	151	514	193	10
a	160	154	587	185	11
a	160	163	143	565	42
a	160	168	122	519	51
a	160	179	131	599	48
a	161	34	177	512	32
a	161	42	543	122	7
a	161	59	552	158	10
a	161	60	554	168	9
a	161	65	105	529	30
a	161	66	159	541	45
a	161	83	547	103	8
a	161	171	582	181	14
a	161	172	157	527	38
a	161	183	132	572	29
a	161	197	137	571	40
a	162	18	185	500	42
a	162	60	543	157	8
a	162	121	101	582	41
a	162	184	507	104	7
a	163	18	154	564	40
a	163	22	115	570	53
a	163	43	158	576	33
a	163	61	198	566	32
a	163	76	101	509	49
a	163	123	151	556	28
a	163	143	589	187	15
a	163	147	546	160	11
a	163	174	570	188	19
a	163	176	580	127	8
a	164	20	168	552	29
a	164	32	506	186	11
a	164	43	193	534	36
a	164	50	105	505	29
a	164	158	539	137	7
a	164	163	533	101	7
a	164	170	157	518	27
a	164	171	582	130	7
a	164	184	196	532	31
a	165	25	176	513	37
a	165	40	111	512	39
a	165	64	199	556	32
a	165	68	179	551	29
a	165	80	551	126	9
a	165	102	591	121	9
a	165	118	515	192	10
a	165	122	146	500	31
a	165	161	152	571	33
a	165	191	525	140	7
a	165	196	500	175	16
a	166	4	555	123	7
a	166	10	160	525	27
a	166	25	551	184	15
a	166	26	152	507	46
a	166	30	166	596	34
a	166	49	590	142	12
a	166	52	115	549	52
a	166	93	174	545	31
a	166	94	156	584	32
a	166	110	589	165	12
a	166	141	550	163	11
a	166	144	172	568	49
a	166	179	505	193	13
a	166	183	527	128	8
a	167	12	134	513	28
a	167	15	572	121	7
a	167	26	148	516	36
a	167	65	129	532	42
a	167	84	596	181	13
a	167	105	174	584	53
a	167	157	137	559	41
a	167	178	104	584	42
a	167	180	596	108	8
a	167	183	131	590	31
a	167	192	560	129	10
a	167	195	539	121	9
a	168	30	187	520	28
a	168	44	200	537	49
a	168	71	557	102	8
a	168	85	139	528	29
a	168	107	199	538	50
a	168	119	562	181	17
a	168	133	572	102	7
a	168	165	135	577	29
a	168	173	567	175	13
a	168	180	581	153	14
a	168	182	160	556	31
a	168	192	121	548	42
a	169	15	550	181	16
a	169	35	122	564	29
a	169	64	525	152	11
a	169	79	167	541	31
a	169	150	126	572	42
a	169	186	195	504	26
a	170	22	141	555	32
a	170	26	175	589	47
a	170	34	506	102	7
a	170	35	103	541	34
a	170	67	172	564	33
a	170	72	118	589	50
a	170	81	503	110	8
a	170	92	199	567	39
a	170	165	123	510	35
a	170	188	159	537	38
a	170	195	100	562	33
a	170	197	121	523	37
a	171	13	552	147	10
a	171	16	134	556	55
a	171	55	114	566	45
a	171	76	195	586	31
a	171	79	530	199	11
a	171	100	564	123	7
a	171	106	510	175	10
a	171	147	131	568	35
a	171	148	190	514	26
a	171	150	557	158	9
a	171	200	177	586	39
a	172	10	588	124	7
a	172	58	519	155	10
a	172	59	198	589	49
a	172	107	520	148	9
a	172	109	185	569	56
a	172	128	101	552	47
a	172	139	568	192	10
a	172	154	168	552	55
a	172	160	154	507	45
a	172	177	515	177	17
a	172	182	185	522	31
a	172	185	566	166	13
a	172	189	583	141	7
a	173	14	535	199	17
a	173	35	172	537	35
a	173	56	539	114	7
a	173	60	505	182	11
a	173	99	546	162	12
a	173	164	100	575	39
a	173	166	590	188	18
a	173	168	179	560	38
a	173	169	556	115	7
a	173	182	578	184	17
a	174	3	161	573	30
a	174	9	117	555	30
a	174	50	109	540	34
a	174	74	539	123	9
a	174	93	164	540	52
a	174	126	187	600	44
a	174	151	596	200	12
a	174	186	597	145	8
a	174	194	162	530	34
a	175	3	530	178	9
a	175	16	512	109	6
a	175	40	140	566	53
a	175	43	579	160	13
a	175	47	567	160	8
a	175	92	138	590	44
a	175	104	139	578	53
a	175	105	141	576	36
a	175	125	551	109	10
a	175	127	169	548	47
a	175	136	517	102	7
a	175	137	520	118	8
a	175	148	131	519	42
a	175	159	176	543	36
a	175	173	586	131	7
a	175	198	116	513	46
a	176	4	168	533	42
a	176	16	585	129	10
a	176	20	190	557	37
a	176	34	149	542	39
a	176	54	127	537	35
a	176	62	172	519	29
a	176	68	567	115	8
a	176	85	132	565	46
a	176	100	589	198	16
a	176	119	179	535	42
a	176	130	586	127	10
a	176	199	513	197	11
a	177	11	111	556	29
a	177	22	165	530	28
a	177	27	107	558	35
a	177	47	584	121	6
a	177	50	115	598	33
a	177	91	574	124	11
a	177	97	585	158	10
a	177	153	537	168	13
a	177	168	584	195	12
a	177	170	198	503	29
a	177	172	124	575	39
a	177	173	134	550	30
a	178	34	188	561	36
a	178	36	544	172	13
a	178	125	198	505	40
a	178	135	104	585	37
a	178	149	149	521	33
a	178	184	102	567	44
a	179	13	115	558	43
a	179	44	586	183	9
a	179	55	573	135	8
a	179	64	142	516	36
a	179	83	116	504	41
a	179	93	126	565	54
a	179	173	510	120	9
a	179	186	183	572	31
a	179	196	150	500	27
a	180	11	540	200	11
a	180	14	514	116	7
a	180	23	595	118	11
a	180	28	529	142	12
a	180	55	191	562	51
a	180	95	515	138	11
a	180	104	502	162	10
a	180	106	588	103	8
a	180	118	502	132	7
a	180	123	502	170	17
a	180	159	538	137	10
a	180	170	193	590	54
a	181	1	549	183	15
a	181	10	172	577	45
a	181	23	550	111	9
a	181	74	563	114	11
a	181	77	500	130	7
a	181	80	540	161	9
a	181	89	167	548	45
a	181	111	132	583	33
a	181	116	569	187	12
a	181	151	545	141	10
a	181	173	170	503	50
a	182	4	197	562	37
a	182	12	162	535	27
a	182	13	160	525	44
a	182	54	119	503	37
a	182	110	590	116	9
a	182	126	599	106	7
a	182	141	520	114	6
a	182	143	192	571	51
a	182	144	156	557	49
a	182	150	542	132	8
a	182	162	169	553	35
a	182	171	502	174	13
a	182	185	116	532	41
a	182	186	127	543	38
a	182	196	169	559	41
a	183	7	560	164	9
a	183	67	529	184	13
a	183	77	144	587	40
a	183	79	195	538	45
a	183	87	199	523	36
a	183	167	505	192	11
a	183	180	104	595	32
a	183	194	100	508	38
a	184	3	572	123	11
a	184	8	196	505	27
a	184	19	599	159	10
a	184	40	544	104	6
a	184	49	182	600	32
a	184	64	117	542	36
a	184	75	157	546	41
a	184	81	502	156	12
a	184	98	173	530	32
a	184	107	152	556	48
a	184	139	585	191	13
a	184	166	556	159	13
a	184	168	600	128	9
a	184	177	143	596	35
a	184	192	567	154	12
a	185	30	570	150	8
a	185	52	534	131	9
a	185	78	527	195	14
a	185	112	120	546	46
a	185	139	139	598	49
a	185	142	576	142	8
a	185	164	568	149	10
a	185	174	510	173	9
a	185	189	100	525	32
a	185	190	168	580	49
a	185	196	101	578	44
a	186	8	596	166	10
a	186	46	564	114	9
a	186	47	539	137	8
a	186	48	198	577	43
a	186	65	166	581	40
a	186	103	567	122	12
a	186	171	531	157	11
a	186	178	131	546	35
a	186	184	108	545	29
a	187	15	189	539	51
a	187	22	594	186	16
a	187	23	132	526	28
a	187	31	186	553	48
a	187	35	137	528	46
a	187	38	118	580	49
a	187	49	544	112	9
a	187	52	101	584	46
a	187	58	509	121	7
a	187	60	593	125	8
a	187	70	189	561	44
a	187	103	583	139	12
a	187	113	115	514	43
a	187	128	108	519	37
a	187	129	546	105	8
a	187	131	599	115	9
a	187	145	567	164	13
a	187	178	110	502	44
a	187	191	529	185	13
a	188	5	155	509	26
a	188	20	108	558	53
a	188	27	558	191	11
a	188	40	534	151	10
a	188	62	545	140	11
a	188	70	595	111	7
a	188	81	532	196	13
a	188	98	196	564	37
a	188	113	103	520	32
a	188	138	111	556	47
a	188	194	521	158	10
a	189	11	571	186	13
a	189	15	569	156	9
a	189	36	112	560	36
a	189	46	594	175	13
a	189	64	520	130	11
a	189	152	184	518	30
a	189	162	587	106	6
a	190	18	556	121	7
a	190	42	171	512	42
a	190	53	530	188	10
a	190	81	196	525	51
a	190	97	164	564	54
a	190	133	115	532	46
a	190	151	555	182	16
a	191	29	118	511	35
a	191	32	108	556	30
a	191	74	537	186	12
a	191	90	182	536	36
a	191	111	587	130	9
a	191	112	154	564	32
a	191	117	596	138	10
a	191	200	191	527	37
a	192	24	159	600	50
a	192	39	174	542	36
a	192	40	158	592	35
a	192	48	502	115	7
a	192	56	123	556	33
a	192	92	156	521	29
a	192	141	521	155	14
a	192	144	111	543	44
a	192	164	533	157	9
a	192	170	554	178	11
a	192	178	110	579	53
a	192	187	513	184	10
a	193	8	100	540	30
a	193	22	122	558	32
a	193	38	137	584	40
a	193	66	151	528	27
a	193	67	537	119	7
a	193	85	192	550	50
a	193	90	501	126	8
a	193	96	501	181	10
a	193	112	569	195	18
a	193	123	141	562	41
a	193	150	159	581	43
a	193	157	109	541	33
a	193	166	169	574	47
a	193	196	529	157	10
a	194	2	134	597	34
a	194	14	110	515	34
a	194	31	518	101	10
a	194	35	507	165	11
a	194	37	182	544	42
a	194	40	579	125	9
a	194	41	113	521	34
a	194	82	121	571	52
a	194	96	588	175	10
a	194	125	589	143	10
a	194	163	100	507	36
a	194	169	107	545	28
a	194	179	586	129	9
a	194	192	139	540	30
a	195	9	526	169	9
a	195	12	199	580	40
a	195	22	573	123	7
a	195	26	179	548	28
a	195	27	573	200	11
a	195	170	178	587	32
a	196	3	189	597	51
a	196	18	547	124	7
a	196	22	599	110	10
a	196	32	100	527	27
a	196	56	557	183	9
a	196	57	521	109	6
a	196	83	120	577	45
a	196	115	512	167	16
a	196	125	159	537	35
a	196	148	521	116	7
a	196	167	590	139	12
a	196	181	525	135	11
a	197	53	146	591	32
a	197	67	106	534	40
a	197	77	500	152	9
a	197	92	567	160	9
a	197	111	572	150	14
a	197	113	187	600	32
a	197	131	157	600	36
a	197	154	525	139	7
a	197	198	167	563	35
a	198	4	585	111	9
a	198	51	554	197	13
a	198	52	520	161	12
a	198	61	540	149	10
a	198	136	176	581	56
a	198	141	196	533	44
a	198	152	186	567	51
a	198	157	507	133	13
a	198	161	588	142	7
a	199	18	180	520	33
a	199	35	127	547	34
a	199	46	595	115	6
a	199	47	182	500	37
a	199	71	154	584	33
a	199	87	159	575	34
a	199	123	171	548	44
a	199	167	581	114	6
a	199	177	169	534	33
a	199	178	166	572	54
a	199	194	587	157	10
a	200	11	550	191	18
a	200	41	540	171	9
a	200	78	160	574	37
a	200	82	119	542	38
a	200	92	502	123	8
a	200	97	545	144	12
a	200	106	521	173	9
a	200	109	181	586	31
a	200	113	506	181	13
a	200	134	586	148	11
a	200	140	501	137	7
a	200	177	523	141	11
a	200	178	578	174	11
a	200	188	148	556	38
a	200	196	569	158	16
a	200	197	166	582	32
